1	1	1.767155866	1.966141733	1.722387094	2.489438139	1.614791792
2	1	1.821644518	1.949390007	1.724029973	2.480323201	1.60346916
3	1	1.948119424	1.932473765	1.732071941	2.525977214	1.613418945
4	1	2.098436045	1.918554531	1.735838334	2.561196822	1.656002321
5	1	2.125578849	1.914343157	1.742332282	2.584579968	1.688597775
6	1	2.147583582	1.909876818	1.749581735	2.620521229	1.691523522
7	1	2.1935698	1.907841143	1.758457689	2.644014921	1.711638538
8	1	2.176409625	1.900749358	1.770557475	2.682632368	1.674309889
9	1	2.193958978	1.910037124	1.776410589	2.773347542	1.221153322
10	1	2.229195324	1.91750551	1.779957051	2.780547722	1.238297068
11	1	2.257846502	1.915135907	1.803661923	2.787262057	1.245265839
12	1	2.286546284	1.920071124	1.805432888	2.779351139	1.250420002
13	1	2.345079526	1.918187661	1.808346036	2.783996428	1.358886204
14	1	2.377196935	1.912700208	1.810702861	2.786708842	1.367169489
15	1	2.352259719	1.909074401	1.815245592	2.780598108	1.390228362
16	1	2.381548256	1.886377907	1.802910489	2.781683585	1.411956238
17	1	2.428313013	1.882524538	1.807264355	2.775683249	1.412964272
18	1	2.449709756	1.87909588	1.818423855	2.774516966	1.414304688